   0.0000000e+00   5.3615164e+00   3.5212752e+00   2.1281734e+00   3.1935752e+00  -4.3487617e+00  -6.3617232e+00   4.3284406e+00   1.1553018e+00   1.3706672e+00   7.0846811e-01  -9.3324076e-01  -9.5810170e-01   1.1051714e-01   6.3951547e+00  -9.7021572e-01   3.7674656e+00
   5.3615164e+00   0.0000000e+00   5.8806810e+00  -3.4431729e-01   2.2617346e+00   1.2327349e+00   2.8983125e+00   1.2356615e+00   8.4777579e+00   6.2251817e+00  -1.3164416e-01   1.8786982e-01   3.0767851e+00   2.8691443e+00  -9.3021255e-01   1.0176984e+00   2.0447443e+00
   3.5212752e+00   5.8806810e+00   0.0000000e+00   7.2636167e-01   5.2189379e+00   4.5437507e+00   2.8349102e+00  -1.2747010e+00   3.5635042e+00  -4.6211171e-01   2.4308606e+00  -1.2625585e+00   7.1381346e+00   5.6134422e+00   6.1382194e+00   4.1159772e-01  -1.7513527e+00
   2.1281734e+00  -3.4431729e-01   7.2636167e-01   0.0000000e+00   1.5858606e+00   7.7037661e+00   3.8585237e+00   3.1932319e+00   1.9206170e+00   8.3825279e+00   4.4778381e+00  -8.6817734e-01   1.9660315e-01   3.1272500e+00  -1.5996237e-01   6.2515034e+00   4.2401329e+00
   3.1935752e+00   2.2617346e+00   5.2189379e+00   1.5858606e+00   0.0000000e+00   2.1103868e+00  -2.5923110e+00  -1.7769837e+00   4.5487821e+00   5.0128436e+00   2.6970337e+00   3.6810199e+00   1.6967316e+00   3.3267408e+00  -1.1549444e+00  -5.2780542e+00   3.1269371e-01
  -4.3487617e+00   1.2327349e+00   4.5437507e+00   7.7037661e+00   2.1103868e+00   0.0000000e+00   1.4887087e+00  -1.0029899e+00   2.9928598e+00   4.6624055e+00   4.1978353e+00   5.9147170e-02   2.1414956e+00  -2.5214764e+00   2.4218006e+00   3.1187790e+00   2.3364692e+00
  -6.3617232e+00   2.8983125e+00   2.8349102e+00   3.8585237e+00  -2.5923110e+00   1.4887087e+00   0.0000000e+00   5.2374154e+00   3.3656241e+00   7.5317537e+00   1.2429956e+00   4.7145426e+00  -1.4964497e+00  -1.6725182e+00   3.7406453e+00  -5.0827844e+00   2.8050511e-01
   4.3284406e+00   1.2356615e+00  -1.2747010e+00   3.1932319e+00  -1.7769837e+00  -1.0029899e+00   5.2374154e+00   0.0000000e+00  -2.2229089e+00  -1.9949443e+00   6.7006368e+00   6.6762467e+00   1.2251040e+00  -2.1970549e+00  -2.7100581e+00   2.9235384e-01   6.1649476e+00
   1.1553018e+00   8.4777579e+00   3.5635042e+00   1.9206170e+00   4.5487821e+00   2.9928598e+00   3.3656241e+00  -2.2229089e+00   0.0000000e+00  -2.9924743e+00   4.8387765e+00  -4.1534397e+00  -8.0888880e-02  -4.9816624e-01   4.1874366e+00   1.5767071e+00  -2.9283825e+00
   1.3706672e+00   6.2251817e+00  -4.6211171e-01   8.3825279e+00   5.0128436e+00   4.6624055e+00   7.5317537e+00  -1.9949443e+00  -2.9924743e+00   0.0000000e+00   2.9764495e+00   3.5936535e+00   4.4666026e-01   2.8503210e+00   1.8380600e+00  -2.4582336e-01   3.1331720e+00
   7.0846811e-01  -1.3164416e-01   2.4308606e+00   4.4778381e+00   2.6970337e+00   4.1978353e+00   1.2429956e+00   6.7006368e+00   4.8387765e+00   2.9764495e+00   0.0000000e+00   4.4491555e-02   2.1004513e+00   9.3304045e-01  -7.3830726e-01   5.0432814e+00  -5.0966045e+00
  -9.3324076e-01   1.8786982e-01  -1.2625585e+00  -8.6817734e-01   3.6810199e+00   5.9147170e-02   4.7145426e+00   6.6762467e+00  -4.1534397e+00   3.5936535e+00   4.4491555e-02   0.0000000e+00   2.7145823e+00   3.0679845e+00   3.4199569e+00  -1.4271665e+00   1.7459027e+00
  -9.5810170e-01   3.0767851e+00   7.1381346e+00   1.9660315e-01   1.6967316e+00   2.1414956e+00  -1.4964497e+00   1.2251040e+00  -8.0888880e-02   4.4666026e-01   2.1004513e+00   2.7145823e+00   0.0000000e+00   3.3006111e+00  -2.3080774e+00   1.1499164e+00   4.0485834e+00
   1.1051714e-01   2.8691443e+00   5.6134422e+00   3.1272500e+00   3.3267408e+00  -2.5214764e+00  -1.6725182e+00  -2.1970549e+00  -4.9816624e-01   2.8503210e+00   9.3304045e-01   3.0679845e+00   3.3006111e+00   0.0000000e+00   5.7355068e+00  -2.2250941e-02  -3.0676676e+00
   6.3951547e+00  -9.3021255e-01   6.1382194e+00  -1.5996237e-01  -1.1549444e+00   2.4218006e+00   3.7406453e+00  -2.7100581e+00   4.1874366e+00   1.8380600e+00  -7.3830726e-01   3.4199569e+00  -2.3080774e+00   5.7355068e+00   0.0000000e+00  -4.3282129e+00   4.0568442e+00
  -9.7021572e-01   1.0176984e+00   4.1159772e-01   6.2515034e+00  -5.2780542e+00   3.1187790e+00  -5.0827844e+00   2.9235384e-01   1.5767071e+00  -2.4582336e-01   5.0432814e+00  -1.4271665e+00   1.1499164e+00  -2.2250941e-02  -4.3282129e+00   0.0000000e+00   5.5785853e+00
   3.7674656e+00   2.0447443e+00  -1.7513527e+00   4.2401329e+00   3.1269371e-01   2.3364692e+00   2.8050511e-01   6.1649476e+00  -2.9283825e+00   3.1331720e+00  -5.0966045e+00   1.7459027e+00   4.0485834e+00  -3.0676676e+00   4.0568442e+00   5.5785853e+00   0.0000000e+00
