   0.0000000e+00   5.0013869e+00   4.9269475e+00   1.2157919e+00   2.8176623e+00  -3.1092271e+00  -4.8124490e+00   2.8730864e+00   2.6987048e+00   1.3837206e+00   9.6816901e-01  -5.2472027e-01   1.1395039e+00   3.5896840e+00   6.6350848e+00  -4.4819637e-01   3.9311678e+00
   5.0013869e+00   0.0000000e+00   6.5995645e+00   4.4521237e+00   3.9435185e+00   3.0795073e+00   3.1972084e+00   2.8502921e+00   7.9519153e+00   6.2694087e+00   2.6226958e+00   6.5841289e-01   3.6783643e+00   5.4304419e+00   4.7480154e+00   1.4585393e+00   2.1993585e+00
   4.9269475e+00   6.5995645e+00   0.0000000e+00   4.7352478e+00   5.7829630e+00   4.4066033e+00   2.8893837e+00  -8.1400795e-01   5.5459288e+00   3.8335181e+00   2.9967737e+00  -6.0670419e-02   7.0267168e+00   6.9174586e+00   7.4776386e+00   2.3006635e-01  -3.6570459e-02
   1.2157919e+00   4.4521237e+00   4.7352478e+00   0.0000000e+00   3.8473542e+00   7.5426456e+00   4.6889764e+00   4.1701638e+00   3.6548092e+00   8.3694049e+00   6.7565726e+00   1.5663192e+00   2.8945001e+00   3.7013968e+00   2.6963098e+00   6.4629218e+00   5.1525198e+00
   2.8176623e+00   3.9435185e+00   5.7829630e+00   3.8473542e+00   0.0000000e+00   3.1751464e+00   4.8118761e-01  -1.5770494e+00   6.2670256e+00   4.9892080e+00   3.2734203e+00   3.3385488e+00   2.7726877e+00   3.7118687e+00   3.7895437e+00  -4.6981675e+00   6.0964601e-01
  -3.1092271e+00   3.0795073e+00   4.4066033e+00   7.5426456e+00   3.1751464e+00   0.0000000e+00   3.4415970e+00   1.5686108e+00   4.6133876e+00   6.1249501e+00   5.9000385e+00   1.1341807e+00   3.4226206e+00   2.5475608e-01   1.8851726e+00   4.3112532e+00   3.4709300e+00
  -4.8124490e+00   3.1972084e+00   2.8893837e+00   4.6889764e+00   4.8118761e-01   3.4415970e+00   0.0000000e+00   5.5120809e+00   4.3408886e+00   6.4459482e+00   3.0180877e+00   4.8527154e+00  -3.9561349e-01   8.7288451e-01   3.2167455e+00  -4.0623161e+00   1.6563001e+00
   2.8730864e+00   2.8502921e+00  -8.1400795e-01   4.1701638e+00  -1.5770494e+00   1.5686108e+00   5.5120809e+00   0.0000000e+00  -9.8317959e-01   2.2777827e+00   6.4542742e+00   7.0972006e+00   2.6163363e+00  -2.1808937e+00  -1.5747668e+00   2.2863241e+00   5.5191981e+00
   2.6987048e+00   7.9519153e+00   5.5459288e+00   3.6548092e+00   6.2670256e+00   4.6133876e+00   4.3408886e+00  -9.8317959e-01   0.0000000e+00   2.9116465e+00   4.9797612e+00  -2.3477997e+00   3.0237993e+00   1.9828609e+00   4.5959684e+00  -2.8204799e-01  -1.3805544e+00
   1.3837206e+00   6.2694087e+00   3.8335181e+00   8.3694049e+00   4.9892080e+00   6.1249501e+00   6.4459482e+00   2.2777827e+00   2.9116465e+00   0.0000000e+00   4.7096728e+00   4.6574029e+00   2.1934405e+00   4.6131866e+00   4.4023322e+00   2.6100226e+00   4.5424954e+00
   9.6816901e-01   2.6226958e+00   2.9967737e+00   6.7565726e+00   3.2734203e+00   5.9000385e+00   3.0180877e+00   6.4542742e+00   4.9797612e+00   4.7096728e+00   0.0000000e+00   3.1827513e+00   3.3704129e+00   1.7079428e+00   6.6072871e-01   4.6113448e+00  -2.8880464e+00
  -5.2472027e-01   6.5841289e-01  -6.0670419e-02   1.5663192e+00   3.3385488e+00   1.1341807e+00   4.8527154e+00   7.0972006e+00  -2.3477997e+00   4.6574029e+00   3.1827513e+00   0.0000000e+00   3.9686952e+00   2.9969435e+00   3.2943941e+00  -2.0382663e+00   2.7173494e+00
   1.1395039e+00   3.6783643e+00   7.0267168e+00   2.8945001e+00   2.7726877e+00   3.4226206e+00  -3.9561349e-01   2.6163363e+00   3.0237993e+00   2.1934405e+00   3.3704129e+00   3.9686952e+00   0.0000000e+00   4.7316769e+00   1.5233631e+00   2.2709045e+00   3.4393894e+00
   3.5896840e+00   5.4304419e+00   6.9174586e+00   3.7013968e+00   3.7118687e+00   2.5475608e-01   8.7288451e-01  -2.1808937e+00   1.9828609e+00   4.6131866e+00   1.7079428e+00   2.9969435e+00   4.7316769e+00   0.0000000e+00   6.3680383e+00  -8.4822488e-02  -2.0273735e+00
   6.6350848e+00   4.7480154e+00   7.4776386e+00   2.6963098e+00   3.7895437e+00   1.8851726e+00   3.2167455e+00  -1.5747668e+00   4.5959684e+00   4.4023322e+00   6.6072871e-01   3.2943941e+00   1.5233631e+00   6.3680383e+00   0.0000000e+00  -3.2634998e+00   3.5890244e+00
  -4.4819637e-01   1.4585393e+00   2.3006635e-01   6.4629218e+00  -4.6981675e+00   4.3112532e+00  -4.0623161e+00   2.2863241e+00  -2.8204799e-01   2.6100226e+00   4.6113448e+00  -2.0382663e+00   2.2709045e+00  -8.4822488e-02  -3.2634998e+00   0.0000000e+00   6.0150309e+00
   3.9311678e+00   2.1993585e+00  -3.6570459e-02   5.1525198e+00   6.0964601e-01   3.4709300e+00   1.6563001e+00   5.5191981e+00  -1.3805544e+00   4.5424954e+00  -2.8880464e+00   2.7173494e+00   3.4393894e+00  -2.0273735e+00   3.5890244e+00   6.0150309e+00   0.0000000e+00
